1.639
1.718
1.756
1.718
1.664
1.689
1.739
2.204
1.664
4.246
1.951
2.328
1.930
1.258
1.865
1.926
2.087
2.768
1.987
1.481
1.769
2.807
2.004
1.811
1.863
3.500
1.853
1.753
1.743
1.967
1.928
1.849
1.987
6.930
2.027
2.054
1.858
1.831
1.886
1.813
1.736
1.929
1.974
2.001
1.882
1.849
1.878
1.704
2.147
1.941
1.880
1.768
2.144
1.204
1.885
2.211
2.379
1.813
2.578
2.199
1.869
1.777
1.908
2.024
3.238
1.356
1.919
1.708
2.207
1.790
1.696
2.412
1.964
1.511
2.430
2.158
1.826
1.949
1.753
2.074
1.860
1.937
1.990
1.996
1.709
4.105
2.485
3.750
6.624
1.744
2.108
2.000
1.739
2.665
1.283
1.832
2.242
1.450
1.913
1.941
1.754
1.776
1.788
1.736
1.709
1.689
2.083
1.807
1.861
2.029
