 anno | cedola | ordini | colli | copie | righe  | titoli | linee |  f1  |  f2  |  f3  |  ff  | fp  |  fc  
------+--------+--------+-------+-------+--------+--------+-------+------+------+------+------+-----+------
 2014 |      1 |   2249 |  7627 | 45884 | 301307 |     64 |    45 | 2830 | 1274 |  768 | 2630 | 125 |     
 2014 |      2 |   2261 |  4299 | 49979 | 205337 |     74 |    45 | 2188 | 1041 |  792 |  203 |  75 |     
 2014 |      3 |   2273 |  9649 | 41489 | 352795 |     69 |    46 | 3900 |  990 |  899 | 3606 | 254 |     
 2014 |      4 |   1990 |  6136 | 28229 | 276268 |     41 |    46 | 3044 |  971 |  647 | 1326 | 148 |     
 2014 |      5 |   2198 |  6355 | 47758 | 258759 |     82 |    46 | 1777 | 1072 |  880 | 2538 |  88 |     
 2014 |      6 |   3157 |  7577 | 45869 | 189051 |     77 |    46 | 2149 | 1122 | 1710 | 2361 | 235 |     
 2014 |      7 |   2489 |  6523 | 44129 | 313008 |     59 |    46 | 2693 | 1142 |  998 |  873 | 167 |  650
 2014 |      8 |   2530 | 10088 | 37936 | 218178 |     52 |    47 | 2901 | 1258 |  935 | 4897 |  97 |     
 2014 |      9 |   2534 |  7366 | 46502 | 296706 |     70 |    45 | 3793 | 1185 |  988 | 1289 | 111 |     
 2014 |     10 |   2416 |  9974 | 67627 | 349031 |    101 |    46 | 4490 | 1027 |  948 | 3365 | 144 |     
 2014 |     11 |   2442 |  7598 | 50874 | 301026 |     74 |    47 | 2801 | 1158 |  963 | 2177 | 174 |  325
 2014 |     12 |   2212 |  7663 | 50534 | 267782 |     73 |    49 | 2731 | 1126 |  797 | 2911 |  98 |     
 2014 |     13 |   2735 | 12665 | 63354 | 617283 |     92 |    49 | 5569 | 1297 | 1104 | 3397 | 240 | 1058
 2014 |     14 |   2397 |  6923 | 55143 | 266089 |     92 |    46 | 2853 | 1227 |  908 | 1840 |  95 |     
 2014 |     15 |   2141 |  6585 | 50519 | 217174 |     71 |    48 | 2147 | 1168 |  679 | 2498 |  93 |     
 2014 |     16 |   2507 |  9208 | 53537 | 363431 |     83 |    48 | 3141 | 1172 |  898 | 3171 | 145 |  681
 2014 |     17 |   2837 | 15610 | 93865 | 902880 |    123 |    49 | 7172 | 1382 | 1088 | 4936 | 319 |  713
 2014 |     18 |   2006 |  5170 | 48263 | 259130 |     73 |    46 | 2218 | 1011 |  667 | 1166 | 108 |     
 2014 |     19 |   2490 |  9161 | 74959 | 444641 |    117 |    49 | 4269 | 1296 |  868 | 2590 | 138 |     
 2014 |     20 |   1736 |  7781 | 52882 | 235310 |     95 |    48 | 2965 | 1059 |  292 | 3383 |  82 |     
 2014 |     21 |   2341 | 13225 | 65336 | 423948 |     94 |    50 | 4208 | 1406 |  696 | 6714 | 201 |     
 2014 |     22 |   1983 |  4844 | 44166 | 346001 |     60 |    49 | 2617 | 1043 |  636 |  402 | 146 |     
 2014 |     23 |   1746 |  7789 | 64454 | 324507 |    103 |    47 | 3563 | 1258 |  161 | 2681 | 126 |     
 2014 |     24 |   2562 |  6179 | 59510 | 293277 |    112 |    48 | 3027 | 1096 | 1114 |  637 |  84 |  221
 2014 |     25 |   2042 | 13164 | 55717 | 270787 |     96 |    48 | 3562 | 1168 |  618 | 7707 | 109 |     
 2014 |     26 |   2005 |  7288 | 48127 | 401496 |     63 |    48 | 4103 | 1040 |  621 | 1357 | 167 |     
 2014 |     27 |   1224 |  2254 | 15469 |  57258 |     33 |    44 |  799 |  703 |  191 |  522 |  39 |     
 2014 |     28 |   1149 |  1291 | 17693 |  57613 |     41 |    44 |  200 |  641 |  412 |      |  38 |     
 2014 |     29 |   2558 |  5913 | 52359 | 257650 |     88 |    47 | 3429 | 1466 |  377 |  527 | 114 |     
 2014 |     30 |   2169 |  6184 | 65522 | 293273 |     88 |    49 | 3074 | 1122 |  735 | 1172 |  81 |     
 2014 |     31 |   2288 | 11716 | 89506 | 682560 |    124 |    49 | 6535 | 1309 |  679 | 1365 | 285 | 1543
 2014 |     32 |   2608 | 23046 | 88958 | 736420 |    127 |    49 | 6308 | 1350 |  836 | 4359 | 465 | 9728
 2014 |     33 |   2324 |  7080 | 62941 | 355186 |     81 |    49 | 4053 | 1044 |  848 |  988 | 147 |     
 2014 |     34 |   2081 | 10210 | 49327 | 303954 |     73 |    47 | 3671 | 1201 |  563 | 3415 | 156 | 1204
 2014 |     35 |   2775 | 12746 | 86276 | 447095 |    137 |    49 | 7134 | 1428 | 1159 | 2867 | 158 |     
 2014 |     36 |   2538 | 12739 | 84128 | 410303 |    132 |    49 | 7595 | 1284 |  878 | 2838 | 144 |     
 2014 |     37 |   2805 | 14451 | 72143 | 542868 |    115 |    48 | 7560 | 1265 | 1101 | 3594 | 264 |  667
 2014 |     38 |   2447 | 17447 | 66042 | 493705 |     97 |    48 | 7221 | 1334 |  781 | 6679 | 206 | 1226
 2014 |     39 |   1990 | 10089 | 78593 | 465498 |    111 |    48 | 7398 | 1359 |  308 |  864 | 160 |     
 2014 |     40 |   2648 | 13473 | 67690 | 608368 |     90 |    51 | 7392 | 1245 | 1055 | 2091 | 281 | 1409
 2014 |     41 |   2741 | 14271 | 60421 | 588235 |     86 |    50 | 7281 | 1330 | 1057 | 3192 | 228 | 1183
 2014 |     42 |   2504 |  7795 | 53411 | 337706 |     74 |    49 | 4683 | 1283 |  936 |  795 |  98 |     
 2014 |     43 |   2225 |  8972 | 49292 | 420061 |     71 |    47 | 4695 | 1116 |  714 |  818 | 201 | 1428
 2014 |     44 |   2910 | 11710 | 34568 | 426432 |     52 |    48 | 5582 | 1064 |  440 | 4430 | 194 |     
 2014 |    201 |    122 |   123 |   382 |    637 |     11 |    27 |    5 |   24 |   93 |      |   1 |     
 2014 |    401 |    793 |   989 |  8640 |  45413 |     13 |    41 |  352 |  452 |  153 |      |  32 |     
 2014 |    601 |    728 |   906 |  8680 |  33820 |     14 |    38 |  306 |  469 |  102 |      |  29 |     
 2014 |    801 |    702 |   827 |  9018 |  32248 |     16 |    37 |  281 |  446 |   69 |      |  31 |     
 2014 |   1001 |    464 |   509 |  5911 |  17081 |     14 |    34 |   99 |  234 |  151 |      |  25 |     
 2014 |   1101 |      1 |     1 |     1 |     20 |      1 |     1 |    1 |      |      |      |     |     
 2014 |   1102 |    861 |  1680 |  1530 |  11628 |      3 |    29 |  200 |  285 |  448 |  722 |  25 |     
 2014 |   1201 |    598 |   762 |  8811 |  31010 |     17 |    35 |  255 |  332 |  149 |      |  26 |     
 2014 |   1401 |    388 |   397 |  5380 |  12063 |     16 |    36 |   32 |  177 |  164 |      |  24 |     
 2014 |   1402 |      1 |     1 |     5 |     14 |      5 |     1 |      |      |    1 |      |     |     
 2014 |   1601 |    318 |   320 |  3629 |   7628 |     13 |    37 |    6 |   62 |  230 |      |  22 |     
 2014 |   1701 |   1218 |  2946 |  2654 |  31007 |     15 |    41 |   20 |    4 |    3 | 2858 |  61 |     
 2014 |   1901 |    400 |   413 |  5052 |  13360 |     14 |    35 |   34 |  171 |  183 |      |  25 |     
 2014 |   1902 |      8 |     8 |     9 |     88 |      4 |     2 |      |    1 |    7 |      |     |     
 2014 |   2001 |    615 |   615 |  1281 |   1281 |     14 |     3 |      |      |  615 |      |     |     
 2014 |   2002 |    400 |   421 |  4825 |  10459 |     14 |    35 |   67 |  294 |   33 |      |  27 |     
 2014 |   2101 |      2 |     2 |     5 |    910 |      5 |     2 |      |    1 |      |      |   1 |     
 2014 |   2201 |   1306 |  1658 |  2572 |  25384 |      3 |    43 |  125 |  497 |  707 |  290 |  39 |     
 2014 |   2202 |    274 |   279 |  4003 |   7077 |     17 |    32 |   16 |  194 |   51 |      |  18 |     
 2014 |   2401 |    371 |   376 |  4257 |   7743 |     13 |    34 |   21 |  242 |   90 |      |  23 |     
 2014 |   2601 |    219 |   222 |  3254 |   5651 |     17 |    32 |   15 |  136 |   55 |      |  16 |     
 2014 |   2801 |    339 |   353 |  4274 |   9334 |     16 |    36 |   60 |  197 |   70 |      |  26 |     
 2014 |   2802 |    431 |   627 |  1135 |  36117 |      3 |    37 |  322 |  217 |   65 |      |  23 |     
 2014 |   3101 |    551 |   553 |  1240 |   1356 |     19 |     4 |    3 |   27 |  523 |      |     |     
 2014 |   3201 |      1 |     1 |     1 |     30 |      1 |     1 |      |    1 |      |      |     |     
 2014 |   3401 |   1473 |  2735 |  3024 |  73573 |      4 |    45 |  226 |  659 |  572 |  353 |  52 |  873
 2014 |   3901 |    522 |   522 |   842 |    842 |     13 |     2 |      |    3 |  519 |      |     |     
 2014 |   4301 |   1205 |  1267 |  1205 |  22930 |      1 |    42 |    2 |  217 |  953 |      |  36 |   59
 2014 |   4302 |   1072 |  1445 |  3408 |  39022 |     30 |    39 |  456 |  566 |  264 |      |  77 |   82
 2014 |   4303 |    410 |   507 |  1006 |  13537 |     10 |    41 |  142 |  187 |  134 |      |  30 |   14
 2014 |   4304 |    693 |  1401 |  3542 |  41276 |     24 |    39 |  693 |  386 |  150 |      |  26 |  146
 2014 |   4305 |    421 |   525 |  1283 |  15901 |     17 |    37 |  155 |  207 |  116 |      |  27 |   20
 2014 |   4306 |    713 |   960 |  2018 |  23578 |     14 |    39 |  349 |  367 |  169 |      |  33 |   42
 2014 |   4307 |    754 |  1786 |  6272 |  52766 |     29 |    38 |  951 |  467 |  125 |      |  28 |  215
 2015 |      1 |   2206 |  7279 | 56578 | 273403 |     83 |    48 | 2708 | 1196 |  721 | 2572 |  82 |     
 2015 |      2 |   2326 |  4130 | 36246 | 147965 |     48 |    46 | 1767 |  911 |  832 |  555 |  65 |     
 2015 |      3 |   1951 | 11175 | 45951 | 192757 |     75 |    48 | 2243 | 1130 |  529 | 7213 |  60 |     
 2015 |      4 |   2070 |  4250 | 33695 | 130298 |     58 |    48 | 1805 |  948 |  785 |  652 |  60 |     
 2015 |      5 |   2429 |  5803 | 49179 | 263261 |     84 |    47 | 2636 | 1049 | 1021 |  985 | 112 |     
 2015 |      6 |   2273 |  6978 | 41275 | 193482 |     61 |    49 | 1926 | 1114 |  864 | 3000 |  74 |     
 2015 |      7 |   2152 |  6702 | 43598 | 202674 |     67 |    48 | 1886 | 1092 |  732 | 2908 |  84 |     
 2015 |      8 |   2139 |  8204 | 35513 | 233183 |     58 |    48 | 3574 | 1150 |  688 | 2415 | 101 |  276
 2015 |      9 |   2414 |  8014 | 58695 | 325246 |     93 |    48 | 3856 | 1166 |  939 | 1936 | 117 |     
 2015 |     10 |   2480 |  8435 | 61486 | 306868 |     89 |    48 | 4361 | 1133 | 1006 | 1824 | 111 |     
 2015 |     11 |   3385 |  9685 | 63761 | 383234 |     89 |    46 | 3092 | 1323 | 1724 | 2964 | 193 |  389
 2015 |     12 |   2207 |  7034 | 47044 | 213880 |     74 |    47 | 2756 | 1076 |  748 | 2364 |  90 |     
 2015 |     13 |   2493 |  7129 | 56018 | 363444 |     80 |    47 | 4284 | 1128 | 1028 |  565 | 124 |     
 2015 |     14 |   2267 | 10110 | 55842 | 247618 |     86 |    47 | 4462 | 1088 |  760 | 3715 |  85 |     
 2015 |     15 |   2168 |  4768 | 38539 | 145079 |     62 |    48 | 1727 |  995 |  903 | 1094 |  49 |     
 2015 |     16 |   2348 |  8759 | 50796 | 379314 |     81 |    47 | 3135 | 1121 |  855 | 2383 | 212 | 1053
 2015 |     17 |   2360 |  7893 | 64790 | 246736 |     95 |    47 | 3247 | 1100 |  923 | 2561 |  62 |     
 2015 |     18 |   2761 | 10184 | 83046 | 441358 |    109 |    47 | 4634 | 1224 | 1221 | 2985 | 120 |     
 2015 |     19 |   2315 |  6289 | 55590 | 255109 |     80 |    47 | 3201 | 1152 |  826 | 1027 |  83 |     
 2015 |     20 |   2098 |  5074 | 46160 | 219686 |     70 |    47 | 2299 | 1070 |  736 |  887 |  82 |     
 2015 |     21 |   2337 |  7219 | 49084 | 206959 |     77 |    48 | 2866 | 1059 |  888 | 2339 |  67 |     
 2015 |     22 |   2226 |  9077 | 40687 | 262150 |     70 |    50 | 4251 |  925 |  733 | 3036 | 132 |     
 2015 |     23 |   2121 |  6132 | 49452 | 212204 |     80 |    47 | 2899 | 1156 |  638 | 1370 |  69 |     
 2015 |     24 |   1964 |  8835 | 53458 | 319804 |     90 |    47 | 4131 |  999 |  529 | 3062 | 114 |     
 2015 |     25 |   2509 |  5071 | 35970 | 178861 |     53 |    48 | 2184 |  894 | 1225 |  704 |  64 |     
 2015 |     26 |   1907 |  4264 | 27853 | 170232 |     45 |    47 | 2499 |  809 |  700 |  176 |  80 |     
 2015 |     27 |   1488 |  2072 | 22373 |  78878 |     38 |    46 |  887 |  732 |  417 |      |  36 |     
 2015 |     28 |   1278 |  1508 | 16484 |  63343 |     30 |    47 |  429 |  659 |  388 |      |  32 |     
 2015 |     29 |   1867 |  3768 | 27577 | 119599 |     40 |    46 | 1230 |  953 |  581 |  960 |  44 |     
 2015 |     30 |   1955 |  5525 | 37880 | 169245 |     56 |    46 | 2347 | 1096 |  494 | 1521 |  67 |     
 2015 |     31 |   2533 | 15959 | 82835 | 553090 |    135 |    46 | 7781 | 1289 |  883 | 2158 | 269 | 3579
 2015 |     32 |   2445 |  7316 | 64723 | 278819 |     99 |    46 | 3905 | 1119 |  952 | 1253 |  87 |     
 2015 |     33 |   2350 |  7023 | 47238 | 252343 |     68 |    46 | 3671 |  977 |  853 |  886 |  98 |  538
 2015 |     34 |   2294 |  9521 | 57644 | 339331 |     85 |    46 | 4886 | 1237 |  725 | 1123 | 116 | 1434
 2015 |     35 |   2415 |  8874 | 74687 | 301280 |    110 |    46 | 4913 | 1245 |  845 | 1778 |  93 |     
 2015 |     36 |   2572 | 13409 | 71454 | 361060 |    110 |    47 | 6067 | 1095 |  994 | 5135 | 118 |     
 2015 |     37 |   2296 |  9854 | 72943 | 430684 |    104 |    46 | 5796 | 1223 |  710 | 1058 | 169 |  898
 2015 |     38 |   2308 | 13781 | 74295 | 412003 |    126 |    47 | 5985 | 1324 |  684 | 5666 | 122 |     
 2015 |     39 |   2197 |  9116 | 81298 | 489069 |    123 |    45 | 6455 | 1176 |  585 |  509 | 166 |  225
 2015 |     40 |   2194 |  9731 | 56738 | 356773 |     83 |    44 | 5406 | 1149 |  645 | 1806 | 139 |  586
 2015 |     41 |   2190 | 10089 | 60644 | 361900 |     87 |    44 | 6143 | 1183 |  607 | 2031 | 125 |     
 2015 |     42 |   2251 | 13764 | 52804 | 511052 |     76 |    45 | 7469 | 1210 |  625 | 3342 | 202 |  916
 2015 |     43 |   2573 | 10493 | 47870 | 408672 |     69 |    47 | 4964 | 1256 |  949 | 2050 | 158 | 1116
 2015 |     44 |    336 |   428 |   754 |  10020 |     15 |    39 |  106 |  178 |   80 |      |  18 |   46
 2015 |     45 |   2220 |  4347 | 18096 | 116867 |     26 |    43 | 1072 | 1077 |  939 | 1177 |  82 |     
 2015 |    201 |    530 |   597 |  2474 |  13883 |      8 |    33 |  149 |  337 |   85 |      |  26 |     
 2015 |    202 |    290 |   364 |   290 |   6152 |      1 |    33 |  144 |  182 |   27 |      |  11 |     
 2015 |    601 |   1127 |  1524 | 27390 | 110847 |     25 |    41 |  552 |  789 |  151 |      |  32 |     
 2015 |   1201 |    641 |  1053 |   925 |  31242 |      3 |    39 |  199 |  255 |  266 |  303 |  30 |     
 2015 |   1202 |    182 |   408 |  1762 |  13949 |     15 |    33 |  108 |   13 |   72 |  198 |  17 |     
 2015 |   1701 |    108 |   315 |  1586 |   4581 |     16 |    25 |  105 |   92 |    9 |  103 |   6 |     
 2015 |   2301 |     99 |   209 |  1433 |   4743 |     15 |    24 |   96 |    5 |    1 |  101 |   6 |     
 2015 |   2601 |    354 |  1832 |   597 |  36630 |      8 |    10 |  104 |  145 |  102 |  300 |     | 1181
 2015 |   2801 |    365 |   534 |  1194 |  11081 |     11 |    35 |  237 |  211 |   51 |      |  15 |   20
 2015 |   2802 |    161 |   281 |   603 |   7016 |     12 |    29 |  131 |   74 |   26 |      |   7 |   43
 2015 |   2803 |    431 |   755 |  1244 |  18313 |     13 |    37 |  395 |  236 |   43 |      |  17 |   64
 2015 |   2804 |    232 |   618 |   232 |  15627 |      1 |    32 |  485 |   88 |   36 |      |   9 |     
 2015 |   2805 |    552 |   857 |  1284 |  17535 |     11 |    36 |  400 |  220 |  211 |      |  20 |    6
 2015 |   3101 |    138 |   138 |   138 |    881 |      1 |    33 |    1 |    1 |  127 |      |   9 |     
 2015 |   3301 |    216 |   421 |   216 |   9315 |      1 |    33 |  316 |   52 |   44 |      |   9 |     
 2015 |   4201 |    380 |  1239 |   545 |  53221 |      2 |    12 |  124 |  148 |   99 |  171 |   8 |  689
 2015 |   4401 |    268 |   365 |   709 |   9371 |     16 |    34 |  108 |  141 |   75 |      |  22 |   19
 2015 |   4402 |    314 |   548 |  1006 |  12388 |     14 |    36 |  233 |  189 |   42 |      |  14 |   70
 2015 |   4403 |    368 |   854 |  1318 |  24670 |     15 |    34 |  554 |  190 |   44 |      |  18 |   48
 2015 |   4404 |    234 |   331 |   755 |   8484 |     11 |    33 |  128 |   94 |   80 |      |  12 |   17
 2015 |   4405 |    200 |   311 |   536 |   9239 |     11 |    30 |  146 |  119 |   11 |      |  11 |   24
 2015 |   4406 |    286 |   486 |   884 |  13712 |     13 |    32 |  252 |  165 |   26 |      |  13 |   30
 2015 |   4407 |    369 |   604 |  1441 |  19030 |     20 |    37 |  259 |  252 |   27 |      |  19 |   47
 2015 |   4408 |    218 |   351 |   444 |   9448 |     12 |    33 |  173 |  124 |   20 |      |  11 |   23
 2015 |   4409 |    286 |   342 |   408 |   7212 |      2 |    32 |  100 |  149 |   80 |      |  13 |     
(148 rows)

